1111111111111111111111111111111111111111
1   22                                 1
1   22  3                              1
1   11                   111111111111111
1   2222222          1111111111111111111
1   2222222              1             1
1                        222222        1
1                        222222        1
1                        222222        1
1         22222222                     1
1         22222222                     1
1                                      1
1     11111111111111111111111112222222 1
1                  22222222222         1
1  22222           22222222222         1
1  22222           22222222222         1
1  22222           22222222222         1
1                  22222222222         1
1                  22222222222         1
1                  22222222222         1
1               111                    1
1               111                    1
1               111            1111    1
1                                      1
1                22                    1
1                22                    1
1                222222222  12222      1
1                      2    1    4     1
1                      2    1          1
1111111111111111111111111111111111111111